0
482.367 389.867
402.367 9.86658
482.367 289.867
122.367 430.867
22.3666 -110.133
242.367 229.867
282.367 209.867

1
500.533 387.533
520.533 228.533
480.533 189.533
123.533 427.533
162.533 129.533
162.533 89.5333
282.533 189.533

2
501 409
641 229
481 209
121 429
21 -111
261 249
281 209

3
499.9 288.4
419.9 129.4
479.9 169.4
140.9 408.4
160.9 149.4
260.9 248.4
280.9 189.4

4
500.233 390.233
640.233 229.233
480.233 169.233
139.233 430.233
159.233 149.233
159.233 89.2333
279.233 189.233

5
517.767 387.767
577.767 228.767
477.767 228.767
158.767 427.767
158.767 128.767
158.767 8.76672
278.767 188.767

6
517.767 387.767
577.767 228.767
477.767 228.767
138.767 427.767
158.767 148.767
158.767 8.76672
278.767 188.767

7
517.767 387.767
577.767 228.767
477.767 228.767
138.767 427.767
158.767 128.767
158.767 8.76672
278.767 188.767

8
517.4 348.9
457.4 169.9
477.4 248.9
158.4 408.9
158.4 69.9
158.4 89.9
278.4 189.9

9
476.3 386.3
556.3 228.3
476.3 188.3
120.3 426.3
160.3 129.3
160.3 10.2999
278.3 188.3

10
476.3 386.3
556.3 228.3
476.3 188.3
120.3 426.3
160.3 129.3
160.3 50.2999
278.3 188.3

11
476.067 386.067
554.067 228.067
476.067 168.067
120.067 425.067
160.067 149.067
160.067 50.0667
278.067 188.067

12
515.833 384.833
594.833 226.833
338.833 305.833
122.833 423.833
102.833 -107.167
161.833 128.833
299.833 187.833

13
515.6 384.6
593.6 227.6
476.6 266.6
123.6 423.6
103.6 -105.4
162.6 129.6
299.6 188.6

14
516.967 384.467
614.967 227.467
476.967 266.467
123.967 424.467
103.967 -106.533
162.967 129.467
300.967 188.467

15
516.967 384.467
614.967 227.467
476.967 266.467
123.967 424.467
103.967 -106.533
162.967 129.467
300.967 188.467

16
516.6 384.6
614.6 227.6
477.6 266.6
124.6 423.6
104.6 -105.4
163.6 109.6
300.6 188.6

17
516.833 384.833
634.833 226.833
477.833 266.833
123.833 423.833
103.833 -107.167
162.833 49.8333
280.833 187.833

18
515.6 383.6
633.6 226.6
476.6 285.6
123.6 422.6
103.6 -106.4
162.6 50.6001
299.6 187.6

19
515.6 383.6
613.6 226.6
476.6 265.6
123.6 422.6
103.6 -106.4
241.6 206.6
299.6 187.6

20
494.833 401.833
612.833 224.833
475.833 224.833
121.833 421.833
22.8333 -109.167
239.833 224.833
278.833 185.833

21
475.7 383.2
377.7 206.2
455.7 147.2
121.7 423.2
101.7 -187.8
239.7 226.2
278.7 206.2

22
474.7 383.2
632.7 226.2
454.7 166.2
120.7 423.2
21.7 -187.8
238.7 226.2
277.7 206.2

23
475.067 384.067
632.067 226.067
455.067 166.067
119.067 423.067
159.067 88.0667
238.067 226.067
277.067 206.067

24
513.3 384.3
632.3 226.3
473.3 226.3
137.3 424.3
97.2999 -110.7
236.3 226.3
275.3 186.3

25
512.933 384.433
630.933 226.433
472.933 206.433
136.933 424.433
96.9333 -109.567
235.933 226.433
274.933 186.433

26
513.3 385.3
612.3 227.3
473.3 207.3
137.3 425.3
97.2999 -109.7
236.3 227.3
275.3 187.3

27
512.3 385.3
591.3 227.3
472.3 207.3
136.3 425.3
96.2999 -109.7
235.3 227.3
274.3 187.3

28
510.833 385.833
372.833 168.833
471.833 267.833
136.833 424.833
97.8333 -106.167
-99.1667 -106.167
294.833 188.833

29
529.467 383.967
470.467 167.967
470.467 265.967
136.467 423.967
97.4667 -107.033
-98.5333 -107.033
294.467 187.967

30
512.2 384.7
630.2 207.7
472.2 266.7
118.2 424.7
98.2 -107.3
-98.8 -107.3
275.2 187.7

31
471.6 384.6
608.6 227.6
471.6 286.6
118.6 423.6
98.6001 -105.4
236.6 207.6
275.6 188.6

32
472.833 383.833
609.833 225.833
472.833 284.833
118.833 422.833
137.833 127.833
255.833 245.833
275.833 186.833

33
472.833 383.833
629.833 225.833
472.833 284.833
118.833 422.833
137.833 127.833
236.833 206.833
275.833 186.833

34
493.467 401.967
630.467 224.967
454.467 165.967
120.467 421.967
179.467 126.967
238.467 224.967
277.467 205.967

35
475.3 383.3
614.3 225.3
456.3 166.3
119.3 423.3
60.2999 126.3
238.3 225.3
258.3 205.3

36
495.833 401.833
633.833 205.833
476.833 205.833
122.833 421.833
181.833 126.833
240.833 224.833
279.833 205.833

37
477.7 383.2
615.7 226.2
477.7 147.2
123.7 423.2
182.7 127.2
241.7 226.2
280.7 206.2

38
479.3 384.3
578.3 226.3
479.3 167.3
123.3 424.3
182.3 127.3
242.3 226.3
281.3 206.3

39
479.2 383.7
578.2 226.7
479.2 166.7
125.2 423.7
184.2 127.7
243.2 226.7
282.2 206.7

40
481.7 384.2
560.7 227.2
481.7 266.2
127.7 424.2
107.7 -107.8
324.7 246.2
284.7 187.2

41
503.933 385.433
582.933 227.433
463.933 168.433
127.933 425.433
186.933 128.433
266.933 247.433
285.933 207.433

42
505.667 386.167
584.667 227.167
485.667 168.167
128.667 426.167
68.6666 168.167
247.667 227.167
287.667 207.167

43
485.433 385.933
505.433 207.933
347.433 286.933
129.433 425.933
169.433 49.9333
268.433 247.933
287.433 187.933

44
488.067 386.067
488.067 208.067
488.067 287.067
132.067 425.067
73.0667 129.067
73.0667 70.0667
290.067 188.067

45
491.6 389.1
471.6 208.1
491.6 249.1
150.6 430.1
170.6 148.1
250.6 229.1
290.6 188.1

46
492 387
472 167
492 287
132 427
172 87
172 47
292 207

47
493 388
433 48
493 288
133 428
173 88
173 48
293 208

48
492.667 386.167
432.667 88.1666
492.667 307.167
155.667 426.167
36.6666 -109.833
254.667 227.167
294.667 188.167

49
513.767 387.767
573.767 228.767
493.767 228.767
134.767 427.767
114.767 128.767
174.767 108.767
294.767 188.767

50
534.767 368.767
474.767 169.767
494.767 229.767
155.767 408.767
255.767 129.767
255.767 209.767
295.767 189.767

51
535.767 349.767
495.767 170.767
495.767 230.767
156.767 409.767
256.767 130.767
256.767 230.767
316.767 190.767

52
556.767 349.767
496.767 170.767
496.767 210.767
157.767 409.767
117.767 -108.233
257.767 210.767
317.767 190.767

53
538.367 370.867
477.367 170.867
497.367 170.867
157.367 410.867
257.367 130.867
257.367 230.867
317.367 190.867

54
498.367 409.867
418.367 129.867
498.367 289.867
138.367 430.867
118.367 -191.133
178.367 89.8666
298.367 209.867

55
539.867 370.367
438.867 150.367
518.867 170.367
158.867 410.367
258.867 130.367
258.867 230.367
298.867 190.367

56
518.867 350.367
438.867 150.367
498.867 170.367
158.867 410.367
178.867 90.3666
258.867 230.367
318.867 190.367

57
500.467 411.467
419.467 129.467
500.467 290.467
137.467 431.467
178.467 89.4667
178.467 89.4667
298.467 189.467

58
500.7 412.7
419.7 129.7
500.7 291.7
136.7 432.7
176.7 89.7
176.7 89.7
298.7 210.7

59
500.567 412.067
419.567 129.067
500.567 311.067
136.567 433.067
176.567 89.0667
176.567 89.0667
298.567 210.067

60
498.933 411.933
397.933 127.933
498.933 309.933
134.933 431.933
-48.0667 127.933
276.933 228.933
296.933 208.933

61
498.567 391.067
417.567 88.0667
498.567 310.067
134.567 432.067
-47.4333 128.067
174.567 67.0667
296.567 209.067

62
497.333 389.833
417.333 87.8334
497.333 309.833
134.333 430.833
175.333 147.833
275.333 248.833
296.333 208.833

63
496.1 389.6
416.1 88.6
496.1 309.6
135.1 430.6
175.1 148.6
175.1 68.6
295.1 208.6

64
494.867 389.367
414.867 89.3666
494.867 309.367
134.867 430.367
174.867 149.367
174.867 69.3666
294.867 209.367

65
497.467 411.467
416.467 89.4667
497.467 310.467
134.467 431.467
74.4667 169.467
255.467 210.467
295.467 210.467

66
496.233 411.233
416.233 90.2333
496.233 311.233
135.233 431.233
34.2333 -110.767
175.233 10.2333
295.233 210.233

67
557 351
497 171
497 271
157 431
117 -109
257 211
317 191

68
556.767 350.767
496.767 171.767
516.767 251.767
157.767 410.767
117.767 -107.233
436.767 51.7667
317.767 191.767

69
518.233 352.233
578.233 211.233
498.233 171.233
157.233 432.233
177.233 91.2333
177.233 11.2333
317.233 191.233

70
557.767 370.767
497.767 171.767
517.767 251.767
158.767 430.767
118.767 -107.233
437.767 51.7667
298.767 191.767

71
559 351
499 171
499 251
159 411
119 -109
439 51
299 191

72
558.133 370.633
499.133 170.633
499.133 250.633
159.133 410.633
119.133 -109.367
439.133 50.6333
299.133 190.633

73
557.767 368.767
497.767 169.767
497.767 249.767
158.767 428.767
79.7667 169.767
437.767 49.7667
298.767 209.767

74
557.767 368.767
497.767 169.767
497.767 249.767
158.767 408.767
79.7667 169.767
437.767 49.7667
298.767 209.767

75
519.133 389.633
439.133 149.633
499.133 269.633
139.133 429.633
179.133 89.6333
179.133 9.6333
299.133 189.633

76
497.533 387.533
438.533 169.533
497.533 268.533
140.533 427.533
179.533 149.533
179.533 129.533
299.533 189.533

77
557.767 368.767
457.767 149.767
497.767 249.767
158.767 408.767
198.767 129.767
437.767 49.7667
298.767 209.767

78
497.167 387.667
437.167 169.667
497.167 288.667
140.167 427.667
180.167 149.667
180.167 149.667
299.167 189.667

79
497.9 368.4
437.9 149.4
497.9 169.4
158.9 408.4
178.9 129.4
-0.0999756 -29.6
298.9 209.4

80
497.533 406.533
477.533 168.533
497.533 307.533
140.533 426.533
179.533 128.533
199.533 49.5333
279.533 207.533

81
498.4 387.9
438.4 148.9
239.4 267.9
159.4 427.9
159.4 148.9
179.4 68.9
299.4 208.9

82
497.533 406.533
477.533 168.533
497.533 307.533
140.533 426.533
179.533 108.533
199.533 49.5333
279.533 207.533

83
519 388
439 148
499 188
159 428
-121 128
199 68
299 188

84
518.133 387.633
577.133 207.633
498.133 287.633
158.133 427.633
-41.8667 127.633
258.133 207.633
298.133 187.633

85
534.967 366.467
494.967 209.467
494.967 267.467
141.967 425.467
121.967 -105.533
278.967 51.4667
298.967 209.467

86
534.6 365.6
495.6 169.6
495.6 287.6
142.6 424.6
122.6 -104.4
279.6 52.6001
299.6 208.6

87
498.067 387.067
557.067 229.067
498.067 288.067
142.067 426.067
182.067 150.067
280.067 248.067
300.067 189.067

88
535.6 385.6
515.6 208.6
496.6 287.6
143.6 424.6
123.6 -183.4
280.6 52.6001
300.6 208.6

89
498.067 388.067
576.067 230.067
498.067 289.067
142.067 427.067
182.067 131.067
280.067 249.067
300.067 190.067

90
516.833 387.833
398.833 210.833
497.833 288.833
143.833 426.833
123.833 -183.167
280.833 52.8333
300.833 210.833

91
536.833 387.833
497.833 170.833
497.833 288.833
143.833 426.833
123.833 -183.167
280.833 52.8333
300.833 210.833

92
514.6 388.6
495.6 172.6
495.6 290.6
142.6 427.6
181.6 94.6001
279.6 55.6001
299.6 211.6

93
515.467 388.967
515.467 212.967
495.467 290.967
142.467 428.967
181.467 94.9667
338.467 251.967
299.467 212.967

94
513.967 388.467
552.967 212.467
493.967 290.467
159.967 428.467
179.967 133.467
120.967 -102.533
297.967 212.467

95
513.833 389.833
435.833 153.833
494.833 290.833
159.833 428.833
120.833 -102.167
336.833 251.833
297.833 212.833

96
512.467 389.967
414.467 95.9667
492.467 291.967
139.467 429.967
-37.5333 134.967
198.467 -22.0333
296.467 213.967

97
494.067 392.067
415.067 135.067
494.067 194.067
158.067 431.067
336.067 372.067
276.067 253.067
276.067 214.067

98
493.433 412.933
434.433 135.933
493.433 273.933
137.433 432.933
117.433 -180.067
177.433 95.9333
295.433 214.933

99
493.667 414.167
433.667 136.167
493.667 275.167
136.667 434.167
116.667 -180.833
176.667 96.1666
295.667 215.167

100
494.233 378.233
474.233 177.233
494.233 298.233
173.233 438.233
173.233 77.2333
273.233 257.233
273.233 197.233

101
512 356
432 96
492 176
172 436
172 156
172 96
292 216

102
492.233 377.233
432.233 136.233
492.233 276.233
171.233 437.233
171.233 96.2333
251.233 236.233
271.233 196.233

103
511.6 377.1
471.6 176.1
491.6 297.1
150.6 438.1
170.6 156.1
250.6 237.1
290.6 196.1

104
531.6 377.1
470.6 176.1
490.6 297.1
149.6 438.1
169.6 116.1
169.6 15.1
289.6 196.1

105
531.1 376.6
470.1 175.6
490.1 296.6
149.1 437.6
149.1 135.6
169.1 95.6
289.1 195.6

106
510.467 377.467
429.467 75.4667
490.467 316.467
147.467 437.467
147.467 135.467
168.467 95.4667
288.467 195.467

107
508.867 396.367
468.867 176.367
488.867 296.367
148.867 437.367
168.867 156.367
168.867 96.3666
288.867 196.367

108
509.333 398.833
509.333 197.833
489.333 297.833
146.333 439.833
167.333 136.833
167.333 96.8334
288.333 197.833

109
509.333 398.833
469.333 176.833
489.333 297.833
146.333 439.833
167.333 136.833
167.333 96.8334
288.333 217.833

110
508.467 379.467
488.467 177.467
488.467 298.467
166.467 439.467
166.467 137.467
166.467 97.4667
286.467 218.467

111
508.467 379.467
407.467 97.4667
468.467 177.467
166.467 419.467
166.467 157.467
166.467 117.467
286.467 218.467

112
508.933 399.933
406.933 95.9333
467.933 177.933
143.933 440.933
143.933 136.933
163.933 95.9333
285.933 217.933

113
507.933 399.933
405.933 95.9333
466.933 177.933
142.933 440.933
162.933 116.933
162.933 95.9333
284.933 217.933

114
508.167 380.167
426.167 156.167
487.167 319.167
142.167 441.167
162.167 136.167
162.167 95.1667
284.167 197.167

115
507.167 380.167
425.167 75.1667
486.167 177.167
141.167 441.167
161.167 156.167
161.167 95.1667
283.167 197.167

116
485.167 400.167
424.167 55.1667
465.167 177.167
160.167 441.167
160.167 136.167
160.167 95.1667
282.167 217.167

117
484.333 398.833
424.333 96.8334
484.333 176.833
141.333 439.833
162.333 136.833
242.333 217.833
283.333 217.833

118
524.7 378.7
504.7 217.7
484.7 197.7
160.7 439.7
160.7 96.7
160.7 75.7
282.7 197.7

119
483.233 398.233
403.233 97.2333
483.233 177.233
142.233 438.233
162.233 157.233
242.233 217.233
282.233 217.233

120
482.233 397.233
402.233 96.2333
482.233 176.233
141.233 437.233
161.233 156.233
241.233 216.233
281.233 196.233

121
481.367 395.867
401.367 95.8666
481.367 175.867
141.367 436.867
161.367 155.867
161.367 15.8666
281.367 195.867

