0

1

2

3

4

5

6

7

8

9

10

11

12

13

14

15

16

17

18

19

20

21

22
338.125 314.473
463.831 313.592
310.31 310.847
365.509 319.912
440.494 319.444
487.326 309.12
411.4 385.68
340.328 304.047
461.265 304.025
336.177 324.42
466.293 322.686

23
337.799 314.528
463.788 313.58
309.991 310.924
365.268 319.906
440.564 319.398
487.167 309.069
411.682 385.926
339.962 304.23
461.209 304.149
335.872 324.42
466.26 322.61

24
337.555 314.523
463.625 313.615
309.766 310.918
365.066 319.859
440.516 319.37
486.887 309.084
411.868 386.298
339.685 304.37
461.055 304.338
335.646 324.338
466.088 322.554

25
337.601 314.428
463.5 313.67
309.871 310.795
365.055 319.755
440.428 319.355
486.733 309.155
411.774 386.417
339.728 304.387
460.963 304.495
335.694 324.172
465.935 322.534

26
337.841 314.296
463.508 313.662
310.142 310.68
365.242 319.612
440.427 319.292
486.757 309.21
411.768 386.228
339.96 304.295
461.008 304.518
335.948 323.995
465.909 322.479

27
338.101 314.178
463.618 313.63
310.385 310.588
365.494 319.503
440.538 319.242
486.873 309.227
411.99 385.974
340.217 304.161
461.135 304.477
336.217 323.868
466.002 322.424

28
338.359 314.136
463.758 313.622
310.636 310.53
365.749 319.474
440.699 319.235
486.995 309.218
412.272 385.741
340.482 304.102
461.274 304.458
336.471 323.837
466.144 322.42

29
338.474 314.148
463.81 313.619
310.756 310.522
365.861 319.487
440.768 319.236
487.028 309.198
412.391 385.716
340.6 304.128
461.322 304.472
336.582 323.847
466.2 322.412

30
338.422 314.108
463.814 313.607
310.72 310.498
365.801 319.401
440.792 319.171
487.008 309.204
412.334 385.633
340.527 304.161
461.34 304.529
336.547 323.762
466.191 322.358

31
338.332 314.068
463.769 313.623
310.663 310.466
365.686 319.335
440.755 319.14
486.95 309.242
412.157 385.655
340.424 304.19
461.311 304.601
336.467 323.678
466.129 322.339

32
338.136 314.059
463.804 313.608
310.458 310.481
365.516 319.293
440.762 319.097
487.011 309.236
412.041 385.661
340.206 304.226
461.352 304.626
336.29 323.639
466.156 322.295

33
338.021 314.07
463.919 313.585
310.313 310.532
365.443 319.276
440.856 319.06
487.145 309.233
412.088 385.696
340.069 304.256
461.471 304.631
336.196 323.631
466.264 322.246

34
338.057 314.077
464.022 313.628
310.314 310.558
365.517 319.285
440.952 319.088
487.254 309.303
412.226 385.619
340.104 304.237
461.583 304.653
336.235 323.648
466.359 322.295

35
338.046 314.018
464.081 313.62
310.242 310.508
365.57 319.23
441.046 319.07
487.27 309.315
412.463 385.504
340.093 304.154
461.648 304.639
336.225 323.605
466.413 322.288

36
337.947 313.922
464.037 313.516
310.11 310.424
365.502 319.113
441.015 318.951
487.208 309.218
412.458 385.331
339.99 304.062
461.611 304.547
336.13 323.51
466.366 322.179

37
337.813 313.871
463.833 313.442
309.998 310.393
365.34 319.031
440.824 318.854
486.987 309.158
412.234 385.104
339.85 304.04
461.419 304.5
336.002 323.44
466.152 322.092

38
337.641 313.839
463.558 313.437
309.874 310.377
365.12 318.976
440.549 318.82
486.714 309.178
411.902 384.947
339.671 304.036
461.16 304.509
335.837 323.385
465.862 322.073

39
337.525 313.853
463.264 313.419
309.811 310.387
364.953 318.992
440.27 318.817
486.41 309.153
411.652 385.041
339.556 304.071
460.867 304.499
335.72 323.38
465.567 322.042

40
337.545 313.908
463.07 313.329
309.861 310.44
364.933 319.052
440.077 318.786
486.214 309.034
411.542 385.241
339.582 304.118
460.662 304.393
335.736 323.433
465.385 321.959

41
337.67 314.002
463.084 313.264
309.978 310.547
365.054 319.133
440.051 318.771
486.268 308.947
411.556 385.248
339.71 304.165
460.661 304.281
335.862 323.558
465.416 321.929

42
337.775 314.09
463.221 313.234
310.052 310.655
365.18 319.189
440.151 318.751
486.44 308.91
411.652 385.189
339.811 304.227
460.792 304.229
335.972 323.663
465.562 321.923

43
337.754 314.098
463.517 313.115
309.983 310.711
365.208 319.151
440.366 318.637
486.81 308.79
411.692 385.106
339.774 304.212
461.079 304.091
335.969 323.692
465.864 321.825

44
337.582 314.11
463.893 313.055
309.777 310.787
365.081 319.099
440.634 318.545
487.29 308.745
411.583 384.863
339.571 304.219
461.453 304.022
335.829 323.716
466.236 321.778

45
337.342 314.064
464.204 312.992
309.497 310.805
364.893 318.999
440.824 318.438
487.716 308.72
411.379 384.566
339.298 304.165
461.767 303.95
335.621 323.673
466.537 321.723

46
337.238 313.994
464.353 312.947
309.368 310.744
364.821 318.926
440.919 318.377
487.912 308.689
411.299 384.406
339.184 304.088
461.914 303.902
335.526 323.603
466.685 321.68

47
337.26 313.987
464.32 312.932
309.385 310.705
364.847 318.956
440.912 318.4
487.854 308.638
411.38 384.446
339.222 304.065
461.867 303.882
335.533 323.613
466.668 321.671

48
337.409 313.983
464.248 312.916
309.535 310.682
364.992 318.978
440.92 318.415
487.703 308.595
411.667 384.558
339.383 304.07
461.791 303.888
335.672 323.604
466.605 321.633

49
337.548 313.988
464.235 312.944
309.693 310.692
365.102 318.991
440.921 318.441
487.673 308.644
411.733 384.583
339.528 304.076
461.788 303.915
335.808 323.597
466.584 321.652

50
337.623 313.963
464.272 313.002
309.791 310.655
365.146 318.992
440.912 318.488
487.755 308.734
411.562 384.533
339.621 304.027
461.833 303.932
335.871 323.581
466.612 321.736

51
337.602 313.938
464.266 313.072
309.8 310.622
365.09 318.989
440.848 318.542
487.809 308.836
411.272 384.488
339.609 303.985
461.836 303.965
335.842 323.561
466.593 321.825

52
337.505 313.884
464.174 313.14
309.727 310.569
364.982 318.919
440.763 318.554
487.717 308.93
411.138 384.316
339.502 303.97
461.762 304.064
335.752 323.486
466.483 321.87

53
337.388 313.788
464.075 313.158
309.624 310.495
364.866 318.779
440.69 318.492
487.592 308.992
411.08 384.064
339.36 303.928
461.689 304.139
335.656 323.357
466.359 321.844

54
337.315 313.688
464.024 313.118
309.55 310.396
364.801 318.656
440.659 318.407
487.523 308.966
411.058 383.869
339.273 303.866
461.651 304.149
335.593 323.239
466.298 321.774

55
337.264 313.622
464.133 313.021
309.495 310.298
364.752 318.586
440.714 318.312
487.684 308.837
410.887 383.682
339.23 303.792
461.749 304.043
335.532 323.198
466.419 321.706

56
337.157 313.461
464.24 312.977
309.399 310.087
364.623 318.445
440.703 318.229
487.908 308.805
410.428 383.492
339.143 303.632
461.865 303.971
335.406 323.046
466.514 321.704

57
336.936 313.414
464.229 312.908
309.176 310.003
364.397 318.429
440.569 318.198
488.029 308.706
409.951 383.351
338.945 303.517
461.831 303.811
335.163 323.058
466.521 321.715

58
336.696 313.373
464.228 312.751
308.933 309.985
364.152 318.385
440.467 318.084
488.141 308.533
409.601 383.251
338.706 303.425
461.812 303.586
334.925 323.053
466.532 321.607

59
336.418 313.26
464.165 312.664
308.642 309.918
363.895 318.265
440.313 317.983
488.164 308.491
409.265 383.01
338.413 303.27
461.757 303.451
334.665 322.959
466.46 321.54

60
336.186 313.14
464.08 312.552
308.406 309.831
363.687 318.116
440.171 317.843
488.123 308.413
409.038 382.776
338.156 303.151
461.68 303.34
334.457 322.832
466.366 321.42

61
336.081 313.137
463.918 312.451
308.29 309.8
363.601 318.134
439.999 317.797
487.97 308.263
409.002 382.806
338.057 303.127
461.496 303.22
334.345 322.842
466.227 321.335

62
336.059 313.129
463.754 312.339
308.266 309.758
363.573 318.161
439.836 317.755
487.812 308.093
408.975 382.858
338.054 303.086
461.309 303.073
334.303 322.856
466.088 321.25

63
335.96 313.029
463.694 312.194
308.173 309.655
363.464 318.054
439.748 317.616
487.787 307.938
408.809 382.789
337.96 302.993
461.249 302.926
334.2 322.753
466.027 321.111

64
335.756 312.906
463.615 312.04
307.973 309.55
363.259 317.888
439.648 317.434
487.732 307.787
408.601 382.506
337.742 302.896
461.175 302.793
334.006 322.619
465.942 320.949

65
335.397 312.743
463.277 311.834
307.589 309.482
362.932 317.638
439.361 317.168
487.343 307.626
408.487 382.141
337.342 302.796
460.866 302.667
333.686 322.404
465.579 320.674

66
334.999 312.595
462.816 311.619
307.157 309.418
362.583 317.399
438.981 316.896
486.793 307.441
408.42 381.969
336.904 302.719
460.432 302.546
333.325 322.201
465.098 320.384

67
334.657 312.546
462.395 311.664
306.845 309.362
362.219 317.318
438.607 316.876
486.33 307.496
408.122 381.798
336.555 302.746
460.038 302.661
332.985 322.112
464.655 320.384

68
334.285 312.515
462.071 311.668
306.522 309.287
361.79 317.304
438.229 316.878
486.075 307.477
407.492 381.864
336.199 302.739
459.714 302.668
332.595 322.081
464.33 320.396

69
334.023 312.536
461.844 311.63
306.309 309.262
361.467 317.339
437.923 316.87
485.947 307.389
406.87 381.974
335.957 302.767
459.473 302.615
332.316 322.115
464.116 320.38

70
333.75 312.58
461.582 311.632
306.045 309.285
361.181 317.377
437.645 316.874
485.715 307.36
406.533 382.147
335.684 302.87
459.213 302.67
332.04 322.122
463.854 320.348

71
333.455 312.525
461.307 311.694
305.788 309.206
360.851 317.297
437.352 316.86
485.469 307.445
406.081 382.173
335.38 302.939
458.971 302.84
331.753 321.984
463.551 320.336

72
333.193 312.375
461.032 311.783
305.544 309.058
360.59 317.124
437.105 316.834
485.158 307.615
405.846 382.099
335.098 302.899
458.749 303.034
331.51 321.752
463.229 320.341

73
333.189 312.273
460.781 311.812
305.558 308.955
360.57 317.015
436.935 316.815
484.814 307.68
405.85 382.1
335.086 302.848
458.521 303.122
331.514 321.611
462.958 320.323

74
333.175 312.211
460.526 311.751
305.58 308.899
360.514 316.937
436.749 316.74
484.486 307.621
405.795 381.976
335.074 302.812
458.277 303.087
331.498 321.535
462.694 320.247

75
333.153 312.205
460.392 311.695
305.59 308.908
360.451 316.909
436.664 316.68
484.304 307.561
405.791 381.762
335.053 302.815
458.148 303.04
331.472 321.523
462.555 320.189

76
333.037 312.144
460.303 311.663
305.506 308.845
360.303 316.847
436.556 316.633
484.242 307.532
405.56 381.505
334.937 302.752
458.055 302.995
331.355 321.463
462.466 320.167

77
332.825 311.986
460.185 311.674
305.37 308.648
360.017 316.708
436.355 316.593
484.219 307.569
404.923 381.353
334.726 302.631
457.94 303.006
331.14 321.286
462.34 320.181

78
332.491 311.834
460.218 311.64
305.057 308.448
359.672 316.586
436.228 316.538
484.416 307.549
404.25 381.291
334.406 302.458
457.969 302.914
330.792 321.16
462.372 320.2

79
332.199 311.681
460.002 311.578
304.77 308.236
359.374 316.492
435.956 316.49
484.261 307.474
403.78 381.487
334.141 302.297
457.748 302.823
330.473 321.015
462.161 320.162

80
332.002 311.628
459.651 311.507
304.547 308.166
359.194 316.49
435.68 316.473
483.84 307.364
403.703 381.808
333.966 302.214
457.387 302.735
330.255 320.972
461.819 320.101

81
331.841 311.594
459.29 311.487
304.368 308.117
359.044 316.523
435.398 316.511
483.405 307.318
403.628 381.937
333.831 302.11
457.006 302.665
330.072 320.976
461.475 320.113

82
331.637 311.417
458.994 311.399
304.171 307.935
358.823 316.396
435.111 316.43
483.099 307.257
403.317 381.742
333.645 301.897
456.714 302.548
329.855 320.81
461.172 320.034

83
331.276 311.13
458.65 311.222
303.855 307.612
358.41 316.156
434.695 316.246
482.831 307.113
402.662 381.366
333.312 301.59
456.377 302.33
329.473 320.536
460.824 319.884

84
330.956 310.816
458.333 311.01
303.565 307.265
358.054 315.885
434.326 316.034
482.575 306.925
402.137 380.957
333.014 301.248
456.058 302.071
329.134 320.241
460.51 319.701

85
330.573 310.499
457.932 310.747
303.2 306.979
357.658 315.546
433.904 315.733
482.2 306.715
401.706 380.403
332.622 300.913
455.672 301.777
328.758 319.935
460.096 319.446

86
330.013 310.259
457.453 310.449
302.687 306.831
357.067 315.205
433.392 315.359
481.747 306.481
401.096 379.852
332.023 300.713
455.228 301.503
328.237 319.657
459.584 319.115

87
329.481 310.106
457.2 310.254
302.155 306.747
356.565 314.949
433.122 315.084
481.49 306.314
400.766 379.488
331.445 300.635
455.009 301.383
327.746 319.454
459.296 318.865

88
329.22 309.883
456.951 310.13
301.904 306.588
356.314 314.634
432.913 314.835
481.182 306.259
400.641 379.294
331.134 300.565
454.825 301.42
327.533 319.116
458.988 318.615

89
329.239 309.632
456.753 309.929
301.972 306.38
356.283 314.314
432.75 314.541
480.937 306.122
400.492 379.232
331.119 300.466
454.686 301.369
327.587 318.739
458.738 318.296

90
329.369 309.419
456.575 309.708
302.163 306.202
356.335 314.057
432.611 314.267
480.718 305.955
400.391 379.206
331.231 300.369
454.556 301.258
327.738 318.421
458.52 317.984

91
329.451 309.289
456.511 309.569
302.294 306.051
356.365 313.916
432.542 314.109
480.665 305.814
400.274 379.211
331.312 300.307
454.503 301.174
327.82 318.241
458.449 317.806

92
329.423 309.359
456.505 309.526
302.263 306.086
356.344 313.992
432.547 314.114
480.647 305.691
400.361 379.163
331.296 300.354
454.469 301.113
327.778 318.349
458.472 317.79

93
329.335 309.421
456.458 309.475
302.197 306.136
356.238 314.047
432.487 314.094
480.618 305.583
400.313 379.074
331.216 300.405
454.403 301.044
327.683 318.438
458.446 317.767

94
329.228 309.481
456.474 309.444
302.113 306.209
356.108 314.084
432.485 314.074
480.658 305.532
400.238 379.051
331.105 300.459
454.406 300.997
327.578 318.512
458.473 317.755

95
329.13 309.507
456.347 309.407
302.046 306.235
355.974 314.119
432.325 314.068
480.573 305.489
399.975 379.01
331.013 300.452
454.261 300.907
327.473 318.559
458.359 317.759

96
328.947 309.477
456.172 309.334
301.863 306.194
355.792 314.097
432.127 314.019
480.419 305.398
399.767 378.968
330.837 300.414
454.082 300.822
327.282 318.536
458.188 317.698

97
328.837 309.393
456.083 309.293
301.789 306.052
355.647 314.027
431.993 313.967
480.375 305.333
399.448 378.874
330.743 300.361
453.999 300.799
327.156 318.451
458.098 317.657

98
328.687 309.238
456.023 309.282
301.656 305.852
355.484 313.903
431.88 313.925
480.364 305.341
399.117 378.803
330.611 300.208
453.951 300.776
326.991 318.304
458.028 317.659

99
328.526 309.095
455.926 309.245
301.475 305.724
355.35 313.742
431.778 313.833
480.266 305.349
398.994 378.618
330.441 300.086
453.878 300.762
326.837 318.146
457.91 317.603

100
328.375 308.99
455.805 309.079
301.286 305.667
355.245 313.593
431.682 313.656
480.115 305.188
399.054 378.495
330.271 300
453.765 300.627
326.705 318.028
457.783 317.408

101
328.248 308.793
455.856 308.943
301.121 305.456
355.168 313.402
431.708 313.507
480.189 305.054
399.054 378.331
330.144 299.804
453.812 300.491
326.576 317.837
457.837 317.274

102
328.042 308.567
455.825 308.764
300.887 305.242
355.001 313.164
431.659 313.297
480.173 304.914
398.993 378.117
329.93 299.587
453.792 300.319
326.375 317.596
457.793 317.084

103
327.935 308.401
455.78 308.593
300.764 305.098
354.911 313.006
431.619 313.137
480.121 304.769
399.029 377.965
329.821 299.408
453.753 300.13
326.272 317.423
457.742 316.914

104
327.94 308.349
455.702 308.5
300.793 305.055
354.883 312.95
431.561 313.056
480.022 304.689
399.008 377.845
329.828 299.35
453.68 300.023
326.276 317.365
457.658 316.829

105
328.006 308.371
455.63 308.465
300.865 305.069
354.929 312.957
431.555 313.033
479.88 304.625
399.12 377.848
329.901 299.387
453.611 300.01
326.336 317.387
457.587 316.789

106
328.065 308.321
455.605 308.439
300.898 305.03
355.008 312.895
431.604 312.99
479.774 304.601
399.349 377.784
329.958 299.341
453.596 300.011
326.398 317.34
457.556 316.745

107
328.005 308.204
455.609 308.35
300.81 304.935
354.978 312.781
431.597 312.896
479.787 304.533
399.327 377.705
329.897 299.195
453.6 299.902
326.344 317.242
457.56 316.662

108
327.829 308.016
455.536 308.222
300.622 304.745
354.819 312.626
431.466 312.778
479.779 304.422
399.061 377.615
329.723 298.959
453.512 299.722
326.166 317.082
457.497 316.56

109
327.698 307.85
455.518 308.002
300.495 304.601
354.692 312.457
431.391 312.577
479.819 304.21
398.832 377.438
329.583 298.75
453.478 299.461
326.046 316.94
457.489 316.361

110
327.544 307.674
455.424 307.702
300.392 304.423
354.487 312.306
431.222 312.346
479.81 303.873
398.481 377.211
329.439 298.519
453.353 299.082
325.883 316.802
457.421 316.118

111
327.53 307.556
455.34 307.459
300.427 304.29
354.426 312.199
431.104 312.164
479.772 303.578
398.319 377.087
329.43 298.38
453.236 298.798
325.865 316.704
457.363 315.907

112
327.666 307.473
455.321 307.32
300.591 304.186
354.527 312.106
431.106 312.036
479.744 303.397
398.374 376.966
329.568 298.321
453.206 298.675
325.996 316.616
457.356 315.766

113
327.867 307.43
455.496 307.136
300.755 304.199
354.762 311.956
431.352 311.803
479.831 303.217
398.847 376.758
329.738 298.371
453.412 298.604
326.226 316.51
457.508 315.511

114
328.188 307.434
455.769 306.821
300.99 304.324
355.16 311.81
431.7 311.466
480.004 302.907
399.524 376.69
330.005 298.465
453.717 298.422
326.6 316.435
457.758 315.097

115
328.475 307.432
456.221 306.528
301.208 304.395
355.514 311.708
432.124 311.192
480.464 302.582
400.013 376.549
330.259 298.483
454.166 298.17
326.92 316.423
458.216 314.781

116
328.783 307.439
456.713 306.446
301.458 304.388
355.888 311.728
432.564 311.166
481.008 302.443
400.468 376.455
330.573 298.435
454.622 298.038
327.221 316.484
458.739 314.742

117
329.146 307.373
457.139 306.464
301.832 304.28
356.242 311.743
432.951 311.234
481.488 302.446
400.709 376.327
330.956 298.278
455.01 297.956
327.563 316.476
459.193 314.827

118
329.587 307.25
457.51 306.504
302.33 304.085
356.617 311.719
433.331 311.304
481.862 302.481
400.873 376.212
331.428 298.096
455.355 297.926
327.972 316.393
459.582 314.925

119
330.045 307.091
457.755 306.525
302.806 303.889
357.047 311.628
433.665 311.323
482.022 302.531
401.326 376.068
331.905 297.904
455.606 297.928
328.41 316.241
459.821 314.956

120
330.446 306.992
457.969 306.383
303.159 303.836
357.491 311.539
433.984 311.207
482.117 302.417
402.12 376.058
332.307 297.757
455.84 297.767
328.811 316.138
460.017 314.804

121
330.782 306.885
458.249 306.093
303.438 303.801
357.878 311.398
434.308 310.953
482.34 302.125
402.798 376.029
332.634 297.62
456.129 297.471
329.161 316.032
460.289 314.503

122
331.017 306.861
458.498 305.909
303.641 303.834
358.136 311.334
434.572 310.801
482.57 301.924
403.195 375.793
332.86 297.56
456.37 297.267
329.413 316.033
460.548 314.33

123
331.238 306.887
458.653 305.948
303.861 303.839
358.352 311.366
434.723 310.857
482.739 301.93
403.316 375.586
333.084 297.543
456.494 297.267
329.629 316.112
460.731 314.408

124
331.525 307.053
458.748 306.041
304.168 303.985
358.615 311.554
434.835 311.011
482.833 301.966
403.471 375.553
333.377 297.632
456.54 297.287
329.907 316.353
460.871 314.562

125
331.754 307.218
458.69 306.222
304.389 304.104
358.853 311.801
434.842 311.276
482.723 302.116
403.784 375.996
333.627 297.716
456.444 297.391
330.112 316.567
460.846 314.787

126
331.993 307.332
458.661 306.366
304.578 304.194
359.147 311.998
434.93 311.496
482.58 302.248
404.351 376.574
333.881 297.762
456.39 297.487
330.333 316.709
460.838 314.947

127
332.232 307.352
458.727 306.447
304.798 304.186
359.404 312.069
435.088 311.598
482.548 302.335
404.785 376.883
334.136 297.781
456.462 297.578
330.555 316.718
460.9 315.016

128
332.436 307.29
458.874 306.419
304.993 304.107
359.621 312.007
435.294 311.548
482.628 302.321
405.167 376.854
334.348 297.763
456.634 297.594
330.75 316.619
461.028 314.959

129
332.602 307.155
459.024 306.334
305.153 303.979
359.797 311.84
435.456 311.407
482.76 302.27
405.422 376.596
334.505 297.678
456.816 297.557
330.922 316.449
461.153 314.841

130
332.725 307.037
459.232 306.246
305.267 303.867
359.936 311.68
435.631 311.264
482.998 302.204
405.585 376.352
334.617 297.609
457.049 297.515
331.055 316.301
461.34 314.724

131
332.808 306.912
459.455 306.223
305.351 303.756
360.021 311.515
435.802 311.163
483.266 302.226
405.573 376.065
334.688 297.525
457.299 297.527
331.151 316.154
461.538 314.679

132
332.982 306.852
459.743 306.223
305.521 303.712
360.202 311.418
436.081 311.108
483.555 302.247
405.746 375.719
334.852 297.478
457.6 297.542
331.336 316.101
461.816 314.679

133
333.202 306.888
459.892 306.246
305.751 303.764
360.417 311.429
436.262 311.126
483.667 302.262
405.966 375.655
335.062 297.504
457.743 297.561
331.565 316.154
461.97 314.708

134
333.451 306.883
459.963 306.278
306.023 303.774
360.645 311.39
436.394 311.123
483.674 302.303
406.184 375.585
335.293 297.528
457.821 297.633
331.832 316.136
462.035 314.707

135
333.762 306.86
460.093 306.269
306.336 303.773
360.949 311.352
436.582 311.1
483.738 302.315
406.493 375.673
335.591 297.522
457.959 297.66
332.158 316.095
462.158 314.665

136
334.022 306.807
460.403 306.278
306.575 303.728
361.238 311.269
436.926 311.05
483.996 302.362
406.897 375.738
335.838 297.536
458.299 297.749
332.431 315.99
462.443 314.617

137
334.182 306.731
460.823 306.282
306.695 303.671
361.452 311.147
437.328 310.973
484.411 302.418
407.234 375.679
335.98 297.526
458.752 297.822
332.611 315.867
462.832 314.574

138
334.289 306.725
461.108 306.24
306.76 303.684
361.605 311.152
437.595 310.952
484.715 302.378
407.528 375.726
336.086 297.485
459.028 297.747
332.717 315.876
463.121 314.55

139
334.38 306.737
461.126 306.214
306.836 303.729
361.716 311.188
437.643 310.964
484.712 302.355
407.764 375.744
336.175 297.436
459.032 297.668
332.811 315.912
463.15 314.547

140
334.57 306.791
461.055 306.294
307.047 303.774
361.892 311.252
437.648 311.052
484.573 302.419
408.021 375.627
336.359 297.484
458.947 297.749
333.003 315.971
463.09 314.622

141
334.73 306.771
461.013 306.338
307.24 303.727
362.019 311.234
437.673 311.078
484.47 302.444
408.141 375.444
336.517 297.49
458.899 297.825
333.16 315.95
463.054 314.65

142
334.948 306.608
461.065 306.279
307.475 303.538
362.216 311.11
437.773 311.02
484.482 302.377
408.316 375.265
336.747 297.319
458.944 297.767
333.37 315.802
463.113 314.585

143
335.128 306.463
461.14 306.16
307.638 303.401
362.403 311.022
437.86 310.952
484.554 302.262
408.513 375.309
336.94 297.109
459.003 297.59
333.541 315.691
463.2 314.489

144
335.116 306.332
461.186 306.114
307.619 303.291
362.399 310.943
437.85 310.929
484.663 302.267
408.398 375.389
336.934 296.903
459.044 297.455
333.526 315.586
463.243 314.481

145
334.932 306.218
461.2 306.062
307.46 303.133
362.18 310.888
437.735 310.912
484.815 302.223
407.803 375.586
336.772 296.728
459.034 297.309
333.32 315.507
463.274 314.503

146
334.378 306.034
461.03 306.022
306.993 302.81
361.529 310.762
437.372 310.853
484.848 302.142
406.549 375.409
336.263 296.562
458.851 297.234
332.719 315.339
463.113 314.536

147
333.547 305.707
460.681 306.006
306.258 302.288
360.594 310.487
436.821 310.723
484.693 302.116
404.995 375.313
335.484 296.402
458.548 297.323
331.834 314.928
462.727 314.504

148
332.735 305.366
460.064 305.848
305.522 301.838
359.702 310.205
436.099 310.515
484.172 301.985
403.761 375.542
334.711 296.167
457.972 297.223
330.983 314.508
462.078 314.318

149
332.054 305.193
459.545 305.788
304.869 301.598
358.989 310.091
435.506 310.464
483.727 301.915
402.818 375.55
334.06 295.974
457.444 297.126
330.273 314.356
461.566 314.293

150
331.72 305.15
459.156 305.695
304.529 301.574
358.643 310.086
435.116 310.431
483.345 301.822
402.411 375.52
333.741 295.846
457.036 296.961
329.93 314.36
461.194 314.239

151
331.493 305.118
458.907 305.581
304.306 301.61
358.398 310.033
434.851 310.326
483.116 301.75
402.136 375.286
333.507 295.772
456.797 296.812
329.717 314.342
460.936 314.129

152
331.283 305.101
458.635 305.432
304.084 301.666
358.192 309.975
434.561 310.188
482.859 301.629
401.925 375.129
333.287 295.725
456.539 296.637
329.522 314.335
460.654 313.986

153
331.044 305.036
458.443 305.337
303.837 301.621
357.967 309.883
434.345 310.081
482.689 301.538
401.684 374.955
333.042 295.668
456.354 296.544
329.291 314.272
460.458 313.889

154
330.775 304.861
458.288 305.293
303.557 301.448
357.717 309.721
434.174 310.01
482.548 301.528
401.427 374.63
332.771 295.477
456.203 296.481
329.024 314.112
460.295 313.855

155
330.498 304.645
458.104 305.235
303.323 301.208
357.402 309.514
433.978 309.907
482.392 301.498
401.041 374.276
332.5 295.269
456.027 296.404
328.737 313.901
460.099 313.812

156
330.32 304.534
457.869 305.124
303.189 301.075
357.176 309.406
433.763 309.802
482.149 301.365
400.772 374.068
332.329 295.164
455.786 296.283
328.546 313.793
459.867 313.714

157
330.228 304.456
457.838 304.938
303.102 300.968
357.083 309.332
433.71 309.658
482.141 301.114
400.621 373.9
332.241 295.061
455.726 296.074
328.446 313.743
459.863 313.56

158
330.147 304.385
457.796 304.674
303.017 300.879
357.006 309.278
433.63 309.482
482.131 300.775
400.476 373.788
332.166 294.93
455.643 295.755
328.358 313.715
459.856 313.342

159
330.105 304.266
457.77 304.488
302.975 300.744
356.966 309.173
433.569 309.328
482.138 300.563
400.354 373.545
332.132 294.774
455.602 295.531
328.309 313.62
459.846 313.189

160
330.002 303.996
457.85 304.221
302.876 300.461
356.868 308.883
433.582 309.033
482.276 300.303
400.175 373.156
332.029 294.517
455.686 295.261
328.205 313.355
459.924 312.937

161
329.995 303.806
457.772 303.984
302.886 300.31
356.839 308.674
433.52 308.796
482.176 300.102
400.17 372.816
332.01 294.347
455.626 295.043
328.214 313.131
459.828 312.676

162
330.041 303.728
457.559 303.897
302.97 300.291
356.841 308.57
433.373 308.697
481.899 300.064
400.178 372.59
332.033 294.287
455.43 294.98
328.285 313.017
459.599 312.553

163
330.127 303.625
457.417 303.907
303.066 300.221
356.915 308.458
433.318 308.667
481.671 300.12
400.321 372.52
332.102 294.209
455.307 295.034
328.39 312.885
459.438 312.513

164
330.13 303.49
457.375 303.882
303.052 300.119
356.938 308.31
433.32 308.595
481.581 300.145
400.44 372.354
332.095 294.074
455.284 295.021
328.403 312.749
459.376 312.468

165
330.173 303.325
457.282 303.846
303.074 299.943
357.003 308.183
433.289 308.554
481.431 300.125
400.579 372.306
332.148 293.86
455.185 294.946
328.435 312.615
459.286 312.451

166
330.209 303.056
457.023 303.697
303.115 299.63
357.025 307.987
433.118 308.432
481.094 299.968
400.591 372.397
332.203 293.552
454.905 294.767
328.448 312.366
459.044 312.318

167
329.89 302.411
456.613 303.261
302.772 298.974
356.733 307.415
432.752 307.975
480.643 299.6
400.434 372.177
331.901 292.904
454.521 294.33
328.116 311.685
458.61 311.849

168
329.247 301.345
456.106 302.577
302.072 297.916
356.169 306.442
432.245 307.223
480.14 299.052
400.123 371.533
331.281 291.817
454.064 293.613
327.458 310.593
458.059 311.136

169
328.807 300.288
455.817 301.945
301.606 296.85
355.766 305.514
431.906 306.549
479.908 298.56
399.723 370.907
330.879 290.675
453.807 292.865
326.989 309.568
457.742 310.535

170
328.581 299.458
455.711 301.457
301.365 296.043
355.553 304.825
431.746 306.074
479.86 298.224
399.428 370.393
330.697 289.672
453.713 292.164
326.732 308.821
457.619 310.142

171
328.473 299.087
455.643 301.253
301.276 295.728
355.414 304.521
431.619 305.882
479.858 298.154
399.117 369.962
330.613 289.159
453.659 291.779
326.611 308.515
457.533 310.023

172
328.375 299.022
455.641 301.023
301.159 295.734
355.322 304.443
431.595 305.708
479.881 297.934
399.117 369.633
330.52 289.011
453.65 291.464
326.516 308.504
457.535 309.84

173
328.268 299.117
455.605 300.935
301.018 295.872
355.249 304.513
431.58 305.67
479.827 297.82
399.214 369.535
330.405 289.065
453.597 291.351
326.418 308.627
457.515 309.772

174
328.101 299.223
455.362 300.926
300.846 295.951
355.086 304.621
431.372 305.697
479.556 297.75
399.097 369.735
330.241 289.19
453.333 291.373
326.243 308.727
457.294 309.756

175
327.765 299.352
454.864 300.948
300.531 296.018
354.724 304.766
430.908 305.761
479.035 297.675
398.644 370.197
329.913 289.354
452.808 291.441
325.895 308.851
456.827 309.77

